space_lonlat_SE_MLE
0.9013 1.2460 0.0627 0.0242 0.2659 4.9422 0.0995 0.1108 0.0539 0.0007
Space_SE_MLE 
0.8959 1.2639 0.0615 0.0232 0.2441 4.7139 0.0998 0.1121 0.0565 0.0007
spacetime_SE_MLE
0.9966 1.4243 0.0577 0.0244 0.4270 5.1134 0.0848 0.1010 0.0585 0.0004
space_lonlat_SE_MAP
0.8260 1.0648 0.0651 0.0328 0.3280 4.9364 0.1005 0.1107 0.0482 0.0007
Space_SE_MAP
0.8323 1.1299 0.0640 0.0318 0.3063 4.6100 0.1021 0.1108 0.0470 0.0007
spacetime_SE_MAP
0.9899 1.2249 0.0642 0.0378 0.4049 5.1741 0.0953 0.1000 0.0527 0.0005

space_lonlat_SW_MLE
0.3195 1.1363 0.0537 0.0485 0.1486 1.6948 0.1308 0.1605 0.1138 0.0015
space_SW_MLE
0.3205 1.1134 0.0536 0.0487 0.1466 1.6704 0.1308 0.1596 0.1147 0.0017
spacetime_SW_MLE
0.3158 1.1630 0.0901 0.0521 0.1224 1.7757 0.1254 0.1476 0.1217 0.0010
space_lonlat_SW_MAP
0.3619 1.0575 0.0531 0.0407 0.1469 1.9384 0.1230 0.1681 0.0936 0.0012
space_SW_MAP
0.3686 1.0612 0.0530 0.0407 0.1498 1.9638 0.1243 0.1673 0.0908 0.0013
spacetime_SW_MAP
0.3251 1.0121 0.0831 0.0395 0.1161 1.7508 0.1175 0.1476 0.0932 	0.0011